1880 90993
1881 91954
1882 107850
1883 112321
1884 129022
1885 133055
1886 144535
1887 145982
1888 178627
1889 178366
1890 190377
1891 185482
1892 212346
1893 212906
1894 222922
1895 233630
1896 237920
1897 234202
1898 258770
1899 233023
1900 299828
1901 239348
1902 264077
1903 261973
1904 275371
1905 291629
1906 295303
1907 318566
1908 334313
1909 347228
1910 396501
1911 418299
1912 558103
1913 624518
1914 761548
1915 983874
1916 1044323
1917 1081280
1918 1157647
1919 1130145
1920 1198283
1921 1232999
1922 1200919
1923 1206330
1924 1248876
1925 1217352
1926 1185304
1927 1192330
1928 1153117
1929 1116422
1930 1125761
1931 1064497
1932 1066994
1933 1007710
1934 1044039
1935 1048428
1936 1040202
1937 1063872
1938 1103277
1939 1096518
1940 1143325
1941 1207919
1942 1350545
1943 1395082
1944 1327104
1945 1307028
1946 1571184
1947 1772644
1948 1697814
1949 1710825
1950 1713180
1951 1800042
1952 1854698
1953 1880326
1954 1941682
1955 1954664
1956 2007512
1957 2044160
1958 2010884
1959 2023044
1960 2022093
1961 2017316
1962 1966548
1963 1927217
1964 1894594
1965 1765001
1966 1691868
1967 1650764
1968 1640103
1969 1686947
1970 1748147
1971 1663475
1972 1521185
1973 1458139
1974 1467413
1975 1457699
1976 1465096
1977 1532997
1978 1531658
1979 1605051
1980 1659933
1981 1667465
1982 1692678
1983 1670061
1984 1682973
1985 1720036
1986 1714664
1987 1737891
1988 1779839
1989 1843105
1990 1897709
1991 1874434
1992 1843304
1993 1808379
1994 1785074
1995 1757927
1996 1752249
1997 1739806
1998 1765915
1999 1772632
2000 1814601
2001 1799049
2002 1795206
2003 1825359
2004 1834145
2005 1845379
2006 1898463
2007 1919408
2008 1887234
2009 1832925
2010 1772738
2011 1753500
2012 1753922
2013 1745339
2014 1768775
